0 0.5
0.02 0.566494
0.04 0.632741
0.06 0.698491
0.08 0.763497
0.1 0.827511
0.12 0.890285
0.14 0.95157
0.16 1.01112
0.18 1.06868
0.2 1.12402
0.22 1.17687
0.24 1.22699
0.26 1.27414
0.28 1.31806
0.3 1.35852
0.32 1.39525
0.34 1.42801
0.36 1.45655
0.38 1.48063
0.4 1.5
0.42 1.51449
0.44 1.5243
0.46 1.52969
0.48 1.53093
0.5 1.5283
0.52 1.52208
0.54 1.51252
0.56 1.49991
0.58 1.48451
0.6 1.4666
0.62 1.44645
0.64 1.42434
0.66 1.40053
0.68 1.37529
0.7 1.34891
0.72 1.32164
0.74 1.29377
0.76 1.26557
0.78 1.2373
0.8 1.20924
0.82 1.18166
0.84 1.15483
0.86 1.12903
0.88 1.10453
0.9 1.0816
0.92 1.0605
0.94 1.04153
0.96 1.02494
0.98 1.011
1 1
1.02 0.992112
1.04 0.98717
1.06 0.984921
1.08 0.985108
1.1 0.987477
1.12 0.991772
1.14 0.997739
1.16 1.00512
1.18 1.01366
1.2 1.02311
1.22 1.03321
1.24 1.04371
1.26 1.05434
1.28 1.06486
1.3 1.07501
1.32 1.08454
1.34 1.09318
1.36 1.10069
1.38 1.1068
1.4 1.11127
1.42 1.11384
1.44 1.11425
1.46 1.11226
1.48 1.10759
1.5 1.1
1.52 1.08933
1.54 1.07578
1.56 1.05965
1.58 1.04126
1.6 1.02089
1.62 0.998846
1.64 0.975436
1.66 0.950957
1.68 0.925712
1.7 0.9
1.72 0.874076
1.74 0.847998
1.76 0.821777
1.78 0.795425
1.8 0.768952
1.82 0.742369
1.84 0.715688
1.86 0.688919
1.88 0.662073
1.9 0.635162
1.92 0.608195
1.94 0.581185
1.96 0.554141
1.98 0.527076
